Physics: isothermalEvaporation     1 0     Air 0.02897 1.204 1.813e-5     Water 0.01802 998.2 1.002e-3 2.119e-5 0 7.266e-2 0.9592     0 10e-6     0.0105 0.0010337e2 0 0.4796     SIMPLE Hybrid Implicit NonOperatorSplitting Hybrid Implicit 1 4000 1e-3 1e-4 1e-4     3     100 100     0 0 0    1 3 1
Point:  0      -0.0105
Point:  0.0105 -0.0105
Point:  0       0
Point:  0.0105  0
Point:  0       0.0005
Point:  0.0105  0.0005
Block:  3  2  0  1 porousmedia Wall 0 0 PorousOpen Wall 0 0                       Wall 0 0       assignPorosity 20 20 1 0     5e-4 0     5 10e-6 0.05     1     0 4
Block:  5  4  2  3 flowfield   ConstConcentration 0.4796    ConstConcentration 0.4796   ConstConcentration 0.4796   PorousOpen     3 1     1   1 1   1